Date: 26.11.2013
Hour: 19:32
Name: Laabicz
Total: 280
Hits: 40
Average: 07.00
Time: 00:12
Caliber: 4.5 mm
Target name: Military CZ
Shooting distance: 10 meters
Real distance: 5 meters 
Style: Sport






HomeLESS - Hit Analyzer version 1.1b
Shootlog version: 1

X:0398.5 Y:0266.5 P:07 T:0000
X:0398.5 Y:0266.5 P:07 T:0000
X:0397.5 Y:0266.5 P:07 T:0000
X:0398.5 Y:0266.5 P:07 T:0001
X:0396.5 Y:0266.5 P:07 T:0001
X:0386.0 Y:0266.5 P:07 T:0001
X:0385.5 Y:0266.5 P:07 T:0001
X:0386.0 Y:0266.5 P:07 T:0002
X:0387.5 Y:0266.5 P:07 T:0002
X:0388.0 Y:0266.5 P:07 T:0002
X:0387.5 Y:0266.5 P:07 T:0003
X:0386.0 Y:0266.5 P:07 T:0003
X:0386.0 Y:0266.5 P:07 T:0003
X:0395.5 Y:0266.5 P:07 T:0004
X:0387.5 Y:0266.5 P:07 T:0004
X:0387.5 Y:0266.5 P:07 T:0004
X:0395.5 Y:0266.5 P:07 T:0005
X:0387.5 Y:0266.5 P:07 T:0005
X:0395.5 Y:0266.5 P:07 T:0005
X:0387.5 Y:0266.5 P:07 T:0006
X:0388.0 Y:0266.5 P:07 T:0006
X:0394.5 Y:0266.5 P:07 T:0006
X:0386.0 Y:0266.5 P:07 T:0007
X:0394.5 Y:0266.5 P:07 T:0007
X:0385.5 Y:0266.5 P:07 T:0007
X:0387.5 Y:0266.5 P:07 T:0008
X:0388.5 Y:0266.5 P:07 T:0008
X:0388.0 Y:0266.5 P:07 T:0008
X:0395.5 Y:0266.5 P:07 T:0009
X:0388.0 Y:0266.5 P:07 T:0009
X:0394.5 Y:0266.5 P:07 T:0009
X:0394.5 Y:0266.5 P:07 T:0010
X:0388.5 Y:0266.5 P:07 T:0010
X:0394.5 Y:0266.5 P:07 T:0010
X:0386.0 Y:0266.5 P:07 T:0011
X:0388.0 Y:0266.5 P:07 T:0011
X:0386.5 Y:0266.5 P:07 T:0011
X:0387.5 Y:0266.5 P:07 T:0012
X:0394.5 Y:0266.5 P:07 T:0012
X:0394.5 Y:0266.5 P:07 T:0012

Target file: military_cz.tgt
Target type: 1
01:0.0
02:0.0
03:0.0
04:0.0
05:553.36346
06:386.40878
07:308.14877
08:229.88876
09:151.62875
10:73.36875
CX:260
CY:289
A1X:157.06624
A1Y:43.349976
A2X:185.86752
A2Y:146.73752
B1X:54.349976
B1Y:190.0875
B2X:391.30005
B2Y:244.56253
MD:8
PS: 3.2608335



























































